464 464
449 449
455 455
465 465
473 473
476 476
468 468
459 459
457 457
470 470
458 458
461 461
478 478
464 464
525 525
484 484
482 482
470 470
471 471
481 481
487 487
482 482
529 529
504 504
497 497
493 493
497 497
505 505
494 494
500 500
497 497
481 481
554 554
537 537
523 523
510 510
514 514
519 519
521 521
519 519
515 515
525 525
522 522
508 508
514 514
514 514
518 518
516 516
507 507
510 510
502 502
508 508
514 514
509 509
510 510
503 503
508 508
520 520
505 505
535 535
518 518
529 529
541 541
539 539
534 534
539 539
542 542
546 546
539 539
547 547
527 527
530 530
532 532
531 531
528 528
522 522
533 533
526 526
528 528
516 516
524 524
530 530
532 532
538 538
531 531
534 534
526 526
534 534
543 543
536 536
503 503
526 526
513 513
537 537
560 560
554 554
568 568
562 562
523 523
515 515
489 489
465 465
466 466
441 441
411 411
405 405
391 391
390 390
390 390
362 362
351 351
332 332
320 320
313 313
289 289
287 287
289 289
299 299
285 285
267 267
280 280
253 253
270 270
262 262
280 280
283 283
264 264
261 261
255 255
266 266
268 268
235 235
245 245
218 218
223 223
218 218
211 211
220 220
240 240
225 225
217 217
208 208
201 201
188 188
200 200
196 196
196 196
190 190
194 194
206 206
194 194
190 190
179 179
175 175
166 166
178 178
193 193
186 186
166 166
174 174
169 169
170 170
186 186
196 196
186 186
174 174
166 166
183 183
172 172
184 184
194 194
183 183
164 164
187 187
174 174
169 169
181 181
167 167
152 152
177 177
171 171
146 146
149 149
150 150
161 161
180 180
156 156
192 192
183 183
181 181
181 181
155 155
129 129
124 124
142 142
147 147
160 160
138 138
125 125
117 117
129 129
113 113
123 123
128 128
127 127
120 120
134 134
131 131
131 131
128 128
130 130
124 124
139 139
138 138
137 137
130 130
143 143
126 126
158 158
131 131
131 131
144 144
142 142
133 133
134 134
148 148
162 162
147 147
154 154
149 149
147 147
158 158
160 160
150 150
135 135
139 139
140 140
148 148
156 156
148 148
148 148
133 133
134 134
139 139
142 142
145 145
160 160
158 158
152 152
166 166
153 153
163 163
159 159
164 164
150 148
151 151
154 154
156 156
152 152
139 139
151 151
171 171
146 146
136 136
137 137
158 158
144 144
176 176
156 156
168 168
138 138
162 162
205 205
174 174
188 188
199 199
220 220
189 189
200 200
184 184
201 201
210 210
193 193
198 198
212 212
211 211
191 191
202 202
194 194
216 216
240 240
232 232
240 240
234 234
239 239
210 210
204 204
211 211
237 237
236 236
223 223
227 227
225 225
217 217
211 211
199 199
193 193
203 203
203 203
211 211
192 192
210 210
195 195
204 204
223 223
215 215
226 226
206 206
216 216
198 198
204 204
188 188
210 210
208 208
206 206
202 202
185 185
177 177
178 178
172 172
170 170
174 174
166 166
143 143
158 158
150 150
157 157
145 144
155 155
143 143
143 143
137 137
141 141
110 110
113 113
111 111
100 100
111 111
122 122
105 105
106 106
105 105
111 111
109 109
111 111
118 118
111 111
103 103
88 88
89 89
115 115
102 102
96 96
103 103
103 103
97 97
87 87
84 84
106 106
96 96
113 113
103 103
104 104
109 109
100 100
94 94
98 98
117 117
89 89
89 89
110 110
116 116
93 93
99 99
109 109
109 109
118 118
103 103
106 106
113 113
132 132
137 137
118 118
136 136
130 130
132 132
136 136
142 142
137 137
142 142
141 141
149 149
138 138
143 143
126 126
136 136
132 132
135 135
131 131
130 130
133 133
126 126
126 126
157 157
142 142
139 139
120 120
124 124
145 145
144 144
148 148
144 144
151 151
135 135
147 147
146 146
159 159
156 156
180 180
169 169
151 151
156 156
165 165
163 163
156 156
162 162
138 138
149 149
164 164
169 169
138 138
137 137
159 159
163 163
167 167
163 163
163 163
159 159
152 152
164 164
176 176
198 198
188 188
216 216
226 226
219 219
210 210
208 208
209 209
205 205
210 210
210 210
240 240
205 205
223 223
230 230
242 242
229 229
242 242
240 240
227 227
204 204
222 222
225 225
242 242
239 239
243 243
260 260
267 267
280 280
269 269
292 292
280 280
275 275
274 274
290 290
292 292
295 295
294 294
289 289
300 300
305 305
306 306
299 299
312 312
306 306
293 293
282 282
302 302
300 300
315 315
325 325
324 324
338 338
328 328
345 345
318 318
339 339
345 345
339 339
360 360
363 363
358 358
355 355
367 367
362 362
335 335
341 341
350 348
342 342
369 369
351 351
350 350
372 372
370 370
376 376
403 403
426 426
422 422
442 442
461 461
450 450
458 456
498 498
502 502
524 524
545 545
572 572
591 591
612 612
584 584
633 633
585 585
656 656
632 632
580 580
671 671
670 670
670 670
655 655
656 656
667 667
656 656
658 658
644 644
649 649
665 665
705 705
671 671
658 658
668 668
669 669
671 671
663 663
674 674
675 675
652 652
662 662
662 662
655 655
670 670
678 678
677 677
668 668
664 664
670 670
660 660
654 654
663 663
670 670
671 671
677 677
665 665
663 663
661 661
664 664
661 661
656 656
664 664
676 676
664 664
660 660
662 662
674 674
661 661
668 668
677 677
677 677
667 667
659 659
640 640
657 657
672 672
666 666
674 674
663 663
676 676
666 666
669 669
681 681
665 665
670 670
664 664
659 659
658 658
653 653
669 669
664 664
662 662
663 663
645 645
655 655
668 668
650 650
650 650
655 655
656 656
648 648
651 651
656 656
666 666
667 667
657 657
688 688
669 669
665 665
724 724
688 688
686 686
678 678
657 657
663 663
677 677
647 647
658 658
648 648
688 688
649 649
614 614
606 606
625 625
663 663
676 676
630 630
557 557
562 562
536 536
565 565
598 598
621 621
581 581
543 543
536 536
500 500
499 496
461 461
452 452
408 408
422 422
409 409
357 357
368 368
372 372
373 373
341 341
316 316
298 298
301 301
266 266
282 282
278 278
276 276
271 271
243 243
265 265
255 255
218 218
206 206
243 243
232 232
231 231
247 247
217 217
179 179
216 216
186 186
194 192
216 216
214 214
221 221
267 267
232 232
255 255
258 258
240 240
251 251
249 249
264 264
230 230
231 231
247 247
226 226
231 231
229 229
231 231
227 227
220 220
217 217
206 206
191 191
194 194
215 215
195 195
186 186
203 203
173 173
178 178
169 169
173 173
164 164
155 155
171 171
182 182
185 185
146 146
163 163
168 168
154 154
147 147
160 160
154 154
132 132
123 123
123 123
122 122
106 106
120 120
115 115
105 105
106 106
106 106
107 107
117 117
121 121
116 116
118 118
126 126
116 116
109 109
132 132
125 125
127 127
145 145
158 158
154 154
123 123
114 114
158 158
153 153
158 158
155 155
155 155
144 144
127 127
140 140
151 151
156 156
147 147
148 148
131 131
131 131
121 121
118 118
129 129
143 143
121 121
123 123
127 127
134 134
137 137
142 142
146 146
145 145
141 141
133 133
157 157
138 138
133 133
145 145
136 136
113 113
104 104
123 123
118 118
118 118
107 107
117 117
103 103
89 89
97 97
93 93
109 109
103 103
110 110
114 114
120 120
132 132
133 133
110 110
91 91
91 91
118 118
106 106
95 95
102 102
94 94
99 99
103 103
92 92
85 85
95 95
99 99
94 94
83 83
92 92
95 95
94 94
79 79
85 85
80 80
83 83
99 99
99 99
91 91
103 103
113 113
116 116
105 105
111 111
123 123
86 86
104 104
102 102
110 110
97 97
84 84
76 76
77 77
86 86
88 88
90 90
90 90
86 86
91 91
90 90
76 76
77 77
83 83
81 81
96 96
95 95
71 71
81 81
92 92
93 93
96 96
91 91
92 92
105 105
89 89
75 75
81 81
76 76
69 69
65 65
74 74
80 80
85 85
65 65
67 67
93 93
88 88
125 125
128 128
110 110
109 109
99 99
110 110
119 119
121 121
119 119
116 116
125 125
114 114
109 109
105 105
107 107
109 109
96 96
85 85
85 85
102 102
97 97
89 89
108 108
107 107
97 97
93 93
80 80
84 84
71 71
70 70
93 93
66 66
60 60
85 85
92 92
76 76
77 77
91 91
82 82
87 87
95 95
106 106
94 94
106 106
131 131
84 84
93 93
105 105
93 93
100 100
101 101
89 89
89 89
87 87
90 90
104 104
100 100
80 80
76 76
62 62
66 66
76 76
85 85
83 83
95 95
100 100
84 84
98 98
83 83
62 62
78 78
59 59
36 36
58 58
55 55
56 56
54 54
67 67
76 76
73 73
82 82
94 94
84 84
87 87
96 96
91 91
105 105
116 116
103 103
101 101
109 109
103 103
99 99
100 100
106 106
89 89
82 82
95 95
99 99
109 109
94 94
70 70
78 78
91 91
82 82
81 81
66 66
66 66
73 73
93 93
92 92
98 98
93 93
96 96
87 87
86 86
80 80
77 77
77 77
77 77
92 92
106 106
94 94
99 99
95 95
90 90
98 98
96 96
91 91
98 98
98 98
102 102
122 122
123 123
129 129
110 110
108 108
103 103
112 112
119 119
104 104
124 124
130 130
118 118
113 113
125 125
116 116
119 119
123 123
141 141
139 139
152 152
162 162
169 169
174 174
163 163
180 180
189 189
173 173
174 174
192 192
183 183
174 174
163 163
174 174
150 150
144 144
157 157
147 147
145 145
138 138
143 143
132 132
112 112
121 121
128 128
129 129
126 126
127 127
136 136
144 144
125 125
121 121
123 123
116 116
104 104
119 119
131 131
139 139
123 123
133 133
115 115
153 153
155 155
149 149
142 142
164 164
184 184
181 181
187 187
217 217
200 200
191 191
199 199
192 192
204 204
191 191
201 201
191 191
197 197
170 170
172 172
196 196
189 189
186 186
189 189
189 189
214 214
212 212
203 203
195 195
202 202
197 197
205 205
207 207
184 184
206 206
227 227
234 234
215 215
184 184
176 176
184 184
189 189
190 190
217 217
177 177
163 163
160 160
161 161
159 159
141 141
141 141
131 131
149 149
158 158
145 145
160 160
133 133
124 124
127 127
122 122
128 128
136 136
137 137
142 142
134 134
141 141
132 132
126 126
131 131
129 129
114 114
131 131
123 123
113 113
110 110
115 115
112 112
120 120
120 120
111 111
107 107
103 103
125 125
101 101
92 92
100 100
110 110
126 126
133 133
133 133
122 122
135 135
137 137
141 141
122 122
133 133
123 123
117 117
120 120
120 120
119 119
110 110
109 109
123 123
106 106
124 124
119 119
128 128
116 116
112 112
117 117
118 118
109 109
106 106
127 127
138 138
141 141
135 135
150 150
162 162
167 167
176 176
172 172
142 142
150 150
136 136
166 166
175 175
149 149
151 151
179 179
148 148
137 137
133 133
142 142
153 153
148 148
143 143
140 140
138 138
142 142
133 133
139 139
150 150
145 145
138 138
118 118
116 116
119 119
130 130
146 146
117 117
123 123
134 134
125 125
111 111
113 113
103 103
115 115
115 115
124 124
123 123
117 117
96 96
106 106
109 109
110 110
109 109
99 99
105 105
98 98
89 89
92 92
92 92
104 104
93 93
86 86
84 84
105 105
95 95
105 105
104 104
100 100
97 97
109 109
104 104
94 94
108 108
98 98
96 96
85 85
95 95
113 113
88 88
92 92
