922 922
944 944
973 973
951 951
985 985
998 998
1021 1021
998 998
1002 1002
1010 1010
1008 1008
1020 1020
1021 1021
1012 1012
1018 1018
1004 1004
1044 1044
1029 1029
1037 1037
1035 1035
1034 1034
1047 1047
1026 1026
1020 1020
1044 1044
1049 1049
1071 1071
1048 1048
1031 1031
1035 1035
1036 1036
1033 1033
1032 1032
1027 1027
1048 1048
1041 1041
1045 1045
1026 1026
1040 1040
1025 1025
1038 1038
1039 1039
1028 1028
1052 1052
1039 1039
1062 1062
1044 1044
1030 1030
1057 1057
1040 1040
1038 1038
1059 1059
1056 1056
1030 1030
1024 1024
1046 1046
1045 1045
1035 1035
1045 1045
1039 1039
1019 1019
1033 1033
1027 1027
1016 1016
1017 1017
1038 1038
1035 1035
1018 1018
1009 1009
993 993
1028 1028
1016 1016
1024 1024
1021 1021
1044 1044
1060 1060
1070 1070
1056 1056
1045 1045
1044 1044
1053 1053
1044 1044
1046 1046
1047 1047
1075 1075
1062 1062
1064 1064
1050 1050
1065 1065
1028 1028
957 957
921 921
851 851
866 866
871 871
833 833
789 789
777 777
775 775
782 782
757 757
749 749
763 763
736 736
739 739
728 728
713 710
726 726
702 702
704 704
749 749
758 758
771 771
769 769
774 774
757 757
799 799
766 766
802 802
765 765
773 773
800 800
832 832
802 802
784 784
778 778
806 806
735 735
790 790
733 733
714 714
685 685
703 703
692 692
613 613
582 582
629 629
587 587
615 615
603 603
652 652
626 626
624 624
598 598
567 567
598 598
592 592
632 632
607 607
588 588
633 633
605 605
655 655
622 622
593 593
584 584
606 606
602 602
578 578
542 542
547 547
551 551
579 579
588 588
577 577
576 576
566 566
550 550
571 571
587 587
599 599
638 638
597 597
565 565
575 575
580 580
600 600
554 554
566 566
509 509
558 558
555 555
604 604
531 531
511 511
546 546
574 574
537 537
538 538
561 561
531 531
455 455
466 466
497 497
491 491
547 547
527 527
484 484
545 545
505 505
452 452
523 523
544 544
560 560
541 541
524 524
495 495
587 587
529 529
475 475
497 497
564 564
514 514
501 501
496 496
449 449
456 456
558 558
480 480
479 479
462 462
521 521
469 469
445 445
482 482
462 462
527 527
546 546
513 513
477 477
528 528
461 461
444 444
464 464
472 472
450 450
450 450
446 446
447 447
419 419
435 435
424 424
438 438
491 491
438 438
463 463
440 440
432 432
420 420
430 430
416 416
477 477
517 517
437 437
392 392
491 491
447 447
445 445
428 428
478 478
472 472
441 441
477 477
434 434
441 441
549 549
497 497
473 473
453 453
481 481
454 454
461 461
442 442
467 467
426 426
430 430
468 468
437 437
496 496
496 496
579 579
336 336
470 470
527 527
553 553
501 501
439 439
551 551
605 605
555 555
584 584
512 512
532 532
498 498
283 283
440 440
474 474
525 525
468 468
487 487
523 523
500 500
463 463
527 527
475 475
226 226
484 484
486 486
452 452
443 443
468 468
444 444
459 459
480 480
232 232
413 413
475 475
427 427
456 456
457 457
231 231
376 376
426 426
428 428
434 434
482 482
444 444
406 406
450 450
249 249
364 364
411 411
379 379
435 435
459 459
425 425
488 488
264 264
348 348
370 370
358 358
419 419
396 396
192 192
319 319
314 314
376 376
389 389
340 340
168 168
295 295
314 314
315 315
363 363
189 189
311 311
305 305
337 337
327 327
371 371
383 383
394 394
158 158
307 307
369 369
341 341
359 359
333 333
373 373
159 159
382 382
366 366
376 376
312 312
159 159
333 333
354 354
360 360
385 385
362 362
193 193
324 324
362 362
392 392
196 196
295 295
404 404
389 389
412 412
421 421
192 192
362 362
364 364
372 372
456 456
198 198
398 398
404 404
435 435
195 195
399 399
378 378
424 424
191 191
378 378
393 393
430 430
185 185
439 439
191 191
445 445
425 425
467 467
179 179
446 446
394 394
190 190
363 363
385 385
454 454
228 228
417 417
408 408
492 492
444 444
215 215
373 373
450 450
431 431
317 317
430 430
532 532
254 254
451 451
466 466
308 308
456 456
524 524
251 251
457 457
474 474
564 564
573 573
353 353
443 443
566 566
353 353
451 451
563 563
614 614
492 492
548 548
689 689
548 548
573 573
730 730
587 587
648 648
699 699
656 656
720 720
737 737
644 644
729 729
670 670
692 692
792 792
680 680
740 740
694 694
775 775
852 852
722 722
790 790
743 743
794 794
760 760
877 877
762 762
820 820
841 841
839 839
821 821
833 833
877 877
985 985
858 858
904 904
922 922
1001 1001
935 935
1157 1157
1122 1122
1132 1132
1220 1220
1200 1200
1276 1276
1321 1321
1253 1253
1331 1331
1273 1273
1322 1322
1319 1319
1347 1347
1320 1320
1364 1364
1411 1411
1320 1320
1334 1334
1368 1368
1373 1373
1323 1323
1379 1379
1375 1375
1411 1411
1397 1397
1337 1337
1395 1395
1425 1425
1426 1426
1425 1425
1427 1427
1439 1439
1438 1438
1455 1455
1455 1455
1451 1451
1461 1461
1470 1470
1453 1453
1451 1451
1472 1472
1465 1465
1453 1453
1469 1469
1485 1485
1494 1494
1483 1483
1479 1479
1492 1492
1500 1500
1488 1488
1473 1473
1487 1487
1476 1476
1445 1445
1473 1473
1506 1506
1479 1479
1442 1442
1472 1472
1488 1488
1404 1404
1407 1407
1400 1400
1378 1378
1386 1386
1356 1356
1370 1370
1393 1393
1317 1317
1274 1274
993 993
1086 1086
932 932
990 990
801 801
923 923
823 823
877 877
726 726
674 674
725 725
586 586
641 641
538 538
593 593
466 466
490 490
484 484
306 306
399 399
377 377
235 235
442 442
221 221
461 461
500 500
179 179
429 429
246 246
278 278
216 216
293 293
204 204
264 264
429 429
117 117
391 391
98 98
426 426
97 97
374 374
387 387
79 79
382 382
337 337
73 73
294 294
306 306
84 84
213 213
289 289
310 310
86 86
273 273
295 295
80 80
250 250
69 69
255 255
263 263
86 86
223 223
73 73
312 312
71 71
334 334
79 79
401 401
412 412
85 85
404 404
404 404
65 65
441 441
82 82
398 398
72 72
357 357
86 86
338 338
86 86
347 347
76 76
346 346
101 101
252 252
341 341
93 93
277 277
313 313
164 164
237 237
141 141
292 292
279 279
189 189
296 296
286 286
162 162
265 265
160 160
237 237
134 134
297 297
265 265
156 156
269 269
105 105
262 262
250 250
151 151
221 221
264 264
239 239
122 122
239 239
280 280
105 105
297 297
331 331
91 91
292 292
75 75
287 287
253 253
227 227
234 234
268 268
237 237
268 268
100 100
173 173
215 215
212 212
247 247
241 241
224 224
266 266
230 230
266 266
283 283
299 299
305 305
332 332
286 286
304 304
106 106
325 325
308 308
298 298
116 116
280 280
245 245
293 293
82 82
184 184
257 257
266 266
104 104
204 204
225 225
296 296
249 249
322 322
272 272
328 328
269 269
305 305
271 271
302 302
286 286
305 305
317 317
316 316
294 294
324 324
323 323
289 289
280 280
285 285
272 272
225 225
273 273
262 262
248 248
288 288
262 262
304 304
273 273
290 290
329 329
341 341
343 343
338 338
344 344
352 352
263 263
293 293
317 317
305 305
330 330
338 338
312 312
354 354
331 331
332 332
344 344
338 338
298 298
315 315
244 244
302 302
312 312
297 297
331 331
319 319
354 354
340 340
332 332
340 340
322 322
318 318
310 310
309 309
329 329
260 260
327 327
180 180
293 293
331 331
327 327
339 339
341 341
314 314
355 355
331 331
390 390
358 358
342 342
259 259
313 313
266 266
302 302
335 335
349 349
329 329
345 345
323 323
432 432
322 322
398 398
322 322
374 374
374 374
398 398
410 410
420 420
426 426
398 398
333 333
391 391
367 367
397 397
361 361
400 400
371 371
371 371
352 352
392 392
340 340
350 350
370 370
364 364
353 353
386 386
345 345
392 392
380 380
436 436
429 429
459 459
462 462
485 485
455 455
456 456
412 412
491 491
495 495
516 516
504 504
532 532
480 480
474 474
408 408
467 467
486 486
499 499
517 517
575 575
613 613
648 648
619 619
671 671
701 701
668 668
668 668
624 624
579 579
584 584
612 612
643 643
653 653
668 668
644 644
627 627
683 683
371 371
397 397
649 649
696 696
755 755
736 736
744 744
486 486
515 515
647 647
726 726
710 710
695 695
464 464
486 486
641 641
645 645
584 584
564 564
566 566
253 253
418 418
536 536
551 551
576 576
600 600
557 557
614 614
620 620
628 628
235 235
322 322
598 598
702 702
729 729
764 764
794 794
724 724
166 166
310 310
611 611
588 588
578 578
98 98
176 176
555 555
542 542
648 648
580 580
640 640
766 766
675 675
680 680
669 669
728 728
719 719
721 721
704 704
719 719
739 739
705 705
810 810
751 751
57 57
212 212
324 324
495 495
488 488
725 725
683 683
709 709
670 670
678 678
672 672
624 624
635 635
600 600
627 627
615 615
728 728
668 668
664 664
622 622
674 674
629 629
654 654
604 604
636 636
560 560
679 679
619 619
546 546
588 588
517 517
661 661
619 619
545 545
665 665
606 606
546 546
586 586
514 514
640 640
607 607
593 593
602 602
540 540
591 591
529 529
512 512
587 587
572 572
538 538
475 475
549 549
488 488
512 512
556 556
549 549
586 586
563 563
536 536
531 531
531 531
561 561
536 536
556 556
488 488
487 487
559 559
549 549
605 605
559 559
656 656
568 568
288 288
341 341
431 431
517 517
493 493
571 571
537 537
606 606
593 593
532 532
589 589
503 503
519 519
512 512
517 517
596 596
532 532
512 512
474 474
480 480
420 420
176 176
342 342
362 362
362 362
449 449
406 406
482 482
432 432
454 454
435 435
394 394
380 380
342 342
359 359
340 340
360 360
318 318
137 137
238 238
256 256
243 243
340 340
302 302
326 326
304 304
333 333
329 329
344 344
316 316
368 368
323 323
314 314
288 288
294 294
233 233
260 260
246 246
274 274
262 262
315 315
288 288
326 326
341 341
335 335
301 301
313 313
315 315
298 298
293 293
297 297
323 323
280 280
118 118
245 245
230 230
295 295
274 274
240 240
269 269
261 261
281 281
255 255
238 238
257 257
223 223
288 288
306 306
268 268
287 287
277 277
251 251
264 264
243 243
285 285
277 277
293 293
287 287
376 376
308 308
284 284
355 355
299 299
330 330
281 281
279 279
271 271
312 312
283 283
295 295
268 268
260 260
263 263
285 285
270 270
294 294
295 295
294 294
329 329
309 309
280 280
309 309
235 235
260 260
245 245
326 326
323 323
363 363
319 319
337 337
324 324
364 364
324 324
410 410
370 370
332 332
375 375
372 372
405 405
405 405
131 131
278 278
317 317
297 297
335 335
283 283
262 262
236 236
281 281
237 237
293 293
256 256
294 294
207 207
242 242
239 239
209 209
247 247
230 230
213 213
234 234
214 214
261 261
265 265
268 268
244 244
301 301
282 282
250 250
300 300
263 263
307 307
275 275
316 316
260 260
282 282
258 258
287 287
329 329
292 292
293 293
272 272
327 327
318 318
269 269
351 351
361 361
339 339
355 355
398 398
362 362
343 343
370 370
326 326
394 394
327 327
296 296
327 327
274 274
314 314
289 289
